80 
8.8904e-05
8.9042e-05
8.9321e-05
8.9746e-05
9.032e-05
9.105e-05
9.1941e-05
9.2999e-05
9.4233e-05
9.545e-05
9.665e-05
9.7834e-05
9.9003e-05
0.00010015
0.00010129
0.00010241
0.00010351
0.0001046
0.00010567
0.00010673
0.00010776
0.00010879
0.00010979
0.00011079
0.00011176
0.00011272
0.00011366
0.00011459
0.00011549
0.00011639
0.00011726
0.00011812
0.00011897
0.00011979
0.00012061
0.0001214
0.00012218
0.00012294
0.00012368
0.00012441
0.00012513
0.00012583
0.00012651
0.00012717
0.00012782
0.00012845
0.00012907
0.00012967
0.00013025
0.00013083
0.00013138
0.00013192
0.00013244
0.00013295
0.00013344
0.00013392
0.00013438
0.00013483
0.00013527
0.00013569
0.00013609
0.00013648
0.00013686
0.00013722
0.00013757
0.0001379
0.00013822
0.00013853
0.00013882
0.00013909
0.00013935
0.00013959
0.00013983
0.00014005
0.00014025
0.00014044
0.00014062
0.00014076
0.00014087
0.00014093
