72 
0.47632
0.4732
0.47053
0.4683
0.46644
0.46493
0.46372
0.4628
0.46213
0.4617
0.46146
0.46139
0.46149
0.46174
0.46212
0.46261
0.4632
0.46387
0.46463
0.46544
0.46631
0.46723
0.4682
0.46921
0.47024
0.4713
0.47238
0.47348
0.47459
0.4757
0.47681
0.47793
0.47907
0.48019
0.48131
0.48242
0.48354
0.48464
0.48572
0.48679
0.48785
0.48891
0.48995
0.49097
0.49198
0.49298
0.49399
0.49497
0.49593
0.49689
0.49784
0.49877
0.49967
0.50055
0.50143
0.50232
0.50318
0.50402
0.50485
0.50569
0.50648
0.50724
0.50799
0.50873
0.5095
0.51022
0.51091
0.51158
0.51229
0.51287
0.51331
0.51359
