80 
0.17416
0.17143
0.1687
0.16599
0.1633
0.16065
0.15803
0.15545
0.15292
0.15043
0.148
0.14561
0.14328
0.14101
0.13879
0.13663
0.13452
0.13247
0.13048
0.12855
0.12667
0.12484
0.12307
0.12136
0.11969
0.11808
0.11652
0.11501
0.11354
0.11213
0.11076
0.10944
0.10816
0.10693
0.10574
0.10459
0.10347
0.1024
0.10137
0.10038
0.099423
0.098499
0.097612
0.096759
0.09594
0.09515
0.094387
0.093658
0.092959
0.092287
0.091641
0.091026
0.090441
0.089883
0.089347
0.088832
0.088345
0.087885
0.087447
0.087027
0.086638
0.086275
0.085937
0.085616
0.085308
0.08503
0.084779
0.084547
0.084326
0.084151
0.084024
0.08395
