80 
0.32925
0.32922
0.32915
0.32904
0.3289
0.32872
0.3285
0.32824
0.32794
0.32765
0.32736
0.32707
0.32679
0.32651
0.32623
0.32596
0.3257
0.32543
0.32518
0.32492
0.32467
0.32443
0.32418
0.32395
0.32371
0.32348
0.32326
0.32303
0.32282
0.3226
0.32239
0.32218
0.32198
0.32178
0.32159
0.3214
0.32121
0.32103
0.32085
0.32067
0.3205
0.32033
0.32017
0.32
0.31985
0.31969
0.31954
0.3194
0.31925
0.31911
0.31897
0.31884
0.31871
0.31858
0.31846
0.31833
0.31821
0.3181
0.31798
0.31787
0.31776
0.31766
0.31756
0.31745
0.31735
0.31726
0.31717
0.31707
0.31699
0.3169
0.31682
0.31674
0.31666
0.31659
0.31652
0.31645
0.31638
0.31632
0.31628
0.31625
