72 
0.52
0.523
0.52554
0.52766
0.52939
0.53077
0.53185
0.53264
0.53317
0.53347
0.53357
0.53349
0.53324
0.53285
0.53233
0.53169
0.53096
0.53014
0.52923
0.52827
0.52725
0.52619
0.52507
0.52392
0.52273
0.52153
0.52031
0.51906
0.51781
0.51656
0.5153
0.51404
0.51277
0.51151
0.51026
0.50901
0.50776
0.50653
0.50533
0.50413
0.50295
0.50177
0.50061
0.49947
0.49835
0.49724
0.49612
0.49504
0.49397
0.49292
0.49186
0.49085
0.48986
0.48889
0.48792
0.48695
0.48601
0.4851
0.4842
0.48329
0.48243
0.48161
0.48081
0.48001
0.47919
0.47842
0.47769
0.47698
0.47623
0.47562
0.47516
0.47487
