80 
0.97154
0.97157
0.97163
0.97172
0.97184
0.97199
0.97218
0.9724
0.97265
0.97289
0.97313
0.97336
0.97358
0.97379
0.974
0.9742
0.9744
0.97459
0.97477
0.97495
0.97512
0.97529
0.97545
0.97561
0.97576
0.97591
0.97605
0.97619
0.97633
0.97646
0.97659
0.97671
0.97683
0.97695
0.97706
0.97717
0.97727
0.97737
0.97747
0.97757
0.97766
0.97775
0.97784
0.97792
0.97801
0.97809
0.97816
0.97824
0.97831
0.97838
0.97844
0.97851
0.97857
0.97863
0.97869
0.97875
0.9788
0.97885
0.97891
0.97895
0.979
0.97905
0.97909
0.97913
0.97917
0.97921
0.97925
0.97928
0.97932
0.97935
0.97938
0.97941
0.97944
0.97946
0.97949
0.97951
0.97953
0.97955
0.97957
0.97957
