80 
0.082283
0.082401
0.08264
0.083002
0.083492
0.084114
0.084871
0.08577
0.086815
0.087843
0.088855
0.089852
0.090833
0.091798
0.092747
0.09368
0.094598
0.095502
0.09639
0.097262
0.098119
0.098962
0.09979
0.1006
0.1014
0.10218
0.10295
0.10371
0.10445
0.10517
0.10588
0.10658
0.10726
0.10792
0.10858
0.10922
0.10984
0.11045
0.11104
0.11163
0.1122
0.11275
0.11329
0.11382
0.11434
0.11484
0.11533
0.1158
0.11626
0.11671
0.11715
0.11757
0.11798
0.11838
0.11877
0.11914
0.1195
0.11986
0.1202
0.12052
0.12084
0.12114
0.12143
0.12172
0.12199
0.12225
0.1225
0.12274
0.12296
0.12317
0.12337
0.12356
0.12374
0.12391
0.12407
0.12421
0.12435
0.12446
0.12455
0.12459
