72 
1.2011e-05
1.2875e-05
1.3786e-05
1.4747e-05
1.5758e-05
1.6818e-05
1.7927e-05
1.9087e-05
2.0297e-05
2.1558e-05
2.2867e-05
2.4226e-05
2.5633e-05
2.7089e-05
2.8595e-05
3.0145e-05
3.1741e-05
3.3382e-05
3.5067e-05
3.6791e-05
3.8555e-05
4.0356e-05
4.2196e-05
4.4072e-05
4.5979e-05
4.7916e-05
4.9882e-05
5.1876e-05
5.3891e-05
5.5924e-05
5.7976e-05
6.0046e-05
6.2133e-05
6.4228e-05
6.6329e-05
6.8437e-05
7.0551e-05
7.2658e-05
7.4758e-05
7.6851e-05
7.8938e-05
8.102e-05
8.3081e-05
8.5121e-05
8.7141e-05
8.9144e-05
9.1134e-05
9.3089e-05
9.5012e-05
9.6905e-05
9.8774e-05
0.00010059
0.00010236
0.00010409
0.00010578
0.00010745
0.00010905
0.00011059
0.00011209
0.00011355
0.00011493
0.00011623
0.00011747
0.00011865
0.00011981
0.00012087
0.00012185
0.00012275
0.00012363
0.00012434
0.00012485
0.00012516
