72 
0.0036735
0.0037885
0.0039072
0.0040291
0.0041542
0.004282
0.0044123
0.004545
0.0046798
0.0048167
0.0049552
0.0050951
0.0052364
0.005379
0.0055226
0.005667
0.005812
0.0059575
0.0061035
0.0062496
0.0063955
0.0065414
0.0066871
0.0068326
0.0069774
0.0071215
0.0072649
0.0074075
0.0075489
0.007689
0.0078278
0.0079653
0.0081016
0.0082361
0.0083689
0.0084999
0.0086292
0.0087562
0.0088809
0.0090034
0.0091239
0.0092423
0.009358
0.0094711
0.0095817
0.00969
0.0097961
0.0098992
0.0099995
0.010097
0.010192
0.010284
0.010372
0.010458
0.01054
0.010621
0.010697
0.010771
0.010841
0.010909
0.010972
0.011032
0.011088
0.011141
0.011192
0.011238
0.01128
0.011319
0.011356
0.011386
0.011407
0.011419
