  -1.0000000e+02
   1.2110773e-04
   9.9948402e-01
   9.9947985e-01
   1.0000000e+01
   1.4336225e+02
   8.8903724e-05
   3.2925354e-01
   1.0489004e-04
   8.2283296e-02
   9.7153905e-01
   9.6824958e-01
   1.3372363e-02
   6.9256457e-05
   1.5941525e-07
   1.3760389e-10
   1.5336476e-02
   2.7167302e-03
   2.4375661e-04
   1.1512993e-05
   9.9915837e-01
   7.9523006e-01
   1.0348074e-01
   5.0506845e-03
   1.1003587e-04
   1.0154670e-06
   6.8071767e-02
   4.6914347e-03
   8.8714328e-03
   5.6273590e-03
   1.0087296e+00
   6.2147859e+00
   9.9974541e-01
   2.1384948e-04
   3.7605183e-05
   2.8490731e-06
   2.8501999e-07
